352990488930492
351884709167516
352990486410638
355980284165333
352990486626241
359577626795300
352990486160415
359577626730406
358900784576273
351999629132133
358900785405134
359577628858254
358900786611680
357624698357403
355980284850207
355980285854497
358900785475228
355980282645096
351884704960014
358900789917340
358900783354714
358900785518076
352990483035255
351884709746988
351999627145178
358900787482693
359646709836321
357624698426992
351884703360489
359339134731131
351884709898813
357624694644143
358805900034513
359646704194817
355980284903758
359577622235814
357624696101233
355980287734416
358900787165736
358900783168288
359551279900558
355980285385427
358184142107143
355616302467307
355616308954092
357492905695001
357492908799040
357479183156509
357149979459041
350639790404090
355818454910148
355818455928099
351680928050297
353621622001069
358805900136375
359577627829447
355918200789141
357624694432093
353202532326183
357624697775605
352990486004605
359646705491261
359577627118338
358805900170044
359577627520020
359577623662560
355980289444998
359577625865658
351999626979098
