352990488930492
351884709167516
352990486410638
355980284165333
352990486626241
359577626795300
352990486160415
359577626730406
358900784576273
359577624330886
351999629132133
358900785405134
359577628858254
358900786611680
357624698357403
355980284850207
351999628956003
355980285854497
358900785475228
355980282645096
351884704960014
358900789917340
358900783354714
358900785518076
351884709746988
355980288263779
351999627145178
358900787482693
359646709836321
357624698426992
351884703360489
359339134731131
351884709898813
357624694644143
358805900034513
355980284903758
359577622235814
351884707400653
355918200700940
357624696101233
355980287734416
355980287126217
358900787165736
358900783168288
352990489271854
359646704867784
