351884709167516
355980284165333
359577626795300
352990486160415
351999629132133
355918200933459
358900785405134
359577628858254
358900783354714
352990483035255
355980288263779
359577622235814
352990484110511
359339137292289
357492908111022
355980285385427
354833964110601
357492907541641
357492904482468
359628544904001
359577626240612
359577621793383
357624694432093
355918200553000
352990486004605
359577627100138
352990483461717
359646705491261
358805900170044
359577622047045
359577623974072
359577627520020
355980286451715
359577626711620
359577627755469
359577623662560
