352990488930492
352990486410638
352990486626241
359577626730406
358900784576273
359577624330886
357624698357403
358900785475228
355980282645096
358900785518076
351999627145178
359646709836321
357624698426992
359339134731131
357624694644143
355980284903758
351884707400653
357624696101233
358900783168288
359646704867784
358184142107143
357492906651334
350639790404090
358184143403194
355818455928099
351680928050297
357492906781073
353621622001069
354833962427353
358805900136375
359577627829447
355918200789141
353202532326183
357624697775605
359577627118338
355980289444998
359577625865658
351999626979098
355980289370474
