352990488930492
351884709167516
352990486410638
355980284165333
352990486626241
359577626795300
352990486160415
359577626730406
351999629132133
359577628858254
358900786611680
357624698357403
355980284850207
355980285854497
358900785475228
355980282645096
351884704960014
358900789917340
358900783354714
358900785518076
352990483035255
351884709746988
359646709836321
357624698426992
359339134731131
351884709898813
357624694644143
358805900034513
359646704194817
355980284903758
359577622235814
357624696101233
355980287734416
358900787165736
358900783168288
